[
    1895.328, 
    70.56, 
    70.56, 
    70.56, 
    70.56, 
    70.56, 
    70.56, 
    70.56, 
    70.56, 
    70.56, 
    70.56, 
    70.56, 
    70.56, 
    70.56, 
    70.56, 
    70.56, 
    70.56, 
    70.56, 
    70.56, 
    70.56, 
    70.56, 
    70.56, 
    70.56, 
    70.56, 
    70.56, 
    219.744, 
    219.744, 
    219.744, 
    219.744, 
    219.744, 
    219.744, 
    219.744, 
    219.744, 
    110.88, 
    110.88, 
    110.88, 
    110.88, 
    110.88, 
    110.88, 
    110.88, 
    110.88, 
    110.88, 
    110.88, 
    110.88, 
    110.88, 
    110.88, 
    110.88, 
    70.56, 
    70.56, 
    70.56, 
    70.56, 
    70.56, 
    70.56, 
    70.56, 
    70.56, 
    70.56, 
    70.56, 
    70.56, 
    70.56, 
    70.56, 
    70.56, 
    70.56, 
    70.56, 
    70.56, 
    70.56, 
    70.56, 
    219.744, 
    219.744, 
    219.744, 
    219.744, 
    219.744, 
    219.744, 
    219.744, 
    219.744, 
    219.744, 
    219.744, 
    219.744, 
    219.744, 
    219.744, 
    219.744, 
    219.744, 
    219.744, 
    219.744, 
    219.744, 
    219.744, 
    219.744, 
    219.744, 
    219.744, 
    219.744, 
    219.744, 
    219.744, 
    219.744, 
    219.744, 
    219.744, 
    219.744, 
    219.744, 
    219.744, 
    219.744, 
    219.744, 
    219.744, 
    219.744, 
    219.744, 
    110.88, 
    110.88, 
    110.88, 
    110.88, 
    110.88, 
    110.88, 
    110.88, 
    110.88, 
    110.88, 
    110.88, 
    110.88, 
    110.88, 
    110.88, 
    110.88, 
    483.84, 
    483.84, 
    483.84, 
    483.84, 
    483.84, 
    483.84, 
    483.84, 
    483.84, 
    362.88, 
    362.88, 
    493.92, 
    493.92, 
    493.92, 
    483.84, 
    627.453, 
    627.453, 
    627.453, 
    627.453, 
    627.453, 
    627.453, 
    627.453, 
    627.453, 
    627.453, 
    627.453, 
    627.453, 
    627.453, 
    627.453, 
    627.453, 
    3991.68, 
    1512.0, 
    393.12, 
    393.12, 
    393.12, 
    393.12, 
    544.32, 
    544.32, 
    544.32, 
    544.32, 
    483.84, 
    483.84, 
    483.84, 
    483.84, 
    2751.84, 
    2751.84, 
    2812.32, 
    2812.32, 
    2842.56, 
    2842.56, 
    2630.88, 
    2630.88, 
    907.2, 
    907.2, 
    241.92, 
    241.92, 
    90.72, 
    90.72, 
    2963.52, 
    2147.04, 
    2207.52, 
    2237.76, 
    2328.48, 
    1179.36, 
    2177.28, 
    2842.56, 
    2147.04, 
    2237.76, 
    2419.2, 
    937.44, 
    514.08, 
    5806.08, 
    8104.32, 
    7862.4, 
    7529.76, 
    786.24, 
    1239.84, 
    1360.8, 
    1209.6, 
    2540.16, 
    3084.48, 
    120.96, 
    120.96, 
    120.96, 
    120.96, 
    120.96, 
    120.96, 
    120.96, 
    120.96, 
    120.96, 
    120.96, 
    120.96, 
    120.96, 
    120.96, 
    120.96, 
    120.96, 
    120.96, 
    120.96, 
    120.96, 
    120.96, 
    120.96, 
    120.96, 
    120.96, 
    120.96, 
    120.96, 
    120.96, 
    120.96, 
    120.96, 
    120.96, 
    120.96, 
    120.96, 
    120.96, 
    120.96, 
    120.96, 
    120.96, 
    120.96, 
    120.96, 
    120.96, 
    120.96, 
    120.96, 
    120.96, 
    120.96, 
    120.96, 
    120.96, 
    120.96, 
    120.96, 
    120.96, 
    120.96, 
    120.96, 
    120.96, 
    120.96, 
    120.96, 
    120.96, 
    120.96, 
    120.96, 
    120.96, 
    120.96, 
    120.96, 
    120.96, 
    120.96, 
    120.96, 
    120.96, 
    120.96, 
    120.96, 
    120.96, 
    120.96, 
    120.96, 
    120.96, 
    120.96, 
    120.96, 
    120.96, 
    120.96, 
    120.96, 
    120.96, 
    120.96, 
    120.96, 
    120.96, 
    120.96, 
    120.96, 
    120.96, 
    120.96, 
    120.96, 
    120.96, 
    120.96, 
    120.96, 
    120.96, 
    120.96, 
    120.96, 
    120.96, 
    120.96, 
    120.96, 
    120.96, 
    120.96, 
    120.96, 
    120.96, 
    120.96, 
    120.96, 
    120.96, 
    120.96, 
    120.96, 
    120.96, 
    241.92, 
    241.92, 
    241.92, 
    241.92, 
    241.92, 
    241.92, 
    241.92, 
    241.92, 
    241.92, 
    241.92, 
    241.92, 
    241.92, 
    241.92, 
    241.92, 
    241.92, 
    241.92, 
    241.92, 
    241.92, 
    241.92, 
    241.92, 
    145.152, 
    145.152, 
    145.152, 
    145.152, 
    145.152, 
    145.152, 
    145.152, 
    145.152, 
    145.152, 
    145.152, 
    145.152, 
    145.152, 
    145.152, 
    145.152, 
    145.152, 
    145.152, 
    145.152, 
    145.152, 
    145.152, 
    145.152, 
    145.152, 
    145.152, 
    145.152, 
    145.152, 
    145.152, 
    145.152, 
    145.152, 
    145.152, 
    145.152, 
    145.152, 
    145.152, 
    145.152, 
    145.152, 
    145.152, 
    145.152, 
    145.152, 
    145.152, 
    145.152, 
    145.152, 
    145.152, 
    290.304, 
    290.304, 
    290.304, 
    290.304, 
    290.304, 
    290.304, 
    290.304, 
    290.304, 
    290.304, 
    290.304, 
    290.304, 
    290.304, 
    290.304, 
    290.304, 
    290.304, 
    290.304, 
    290.304, 
    290.304, 
    290.304, 
    290.304, 
    2116.8, 
    2177.28, 
    66.528, 
    66.528, 
    66.528, 
    66.528, 
    66.528, 
    66.528, 
    66.528, 
    66.528, 
    66.528, 
    66.528, 
    66.528, 
    66.528, 
    66.528, 
    66.528, 
    66.528, 
    66.528, 
    66.528, 
    66.528, 
    66.528, 
    66.528, 
    66.528, 
    66.528, 
    66.528, 
    66.528, 
    66.528, 
    66.528, 
    66.528, 
    66.528, 
    66.528, 
    66.528, 
    66.528, 
    66.528, 
    66.528, 
    66.528, 
    66.528, 
    66.528, 
    66.528, 
    66.528, 
    66.528, 
    66.528, 
    66.528, 
    66.528, 
    66.528, 
    66.528, 
    66.528, 
    66.528, 
    66.528, 
    66.528, 
    66.528, 
    66.528, 
    66.528, 
    66.528, 
    66.528, 
    66.528, 
    66.528, 
    66.528, 
    66.528, 
    66.528, 
    66.528, 
    66.528, 
    66.528, 
    66.528, 
    66.528, 
    66.528, 
    66.528, 
    66.528, 
    66.528, 
    66.528, 
    66.528, 
    66.528, 
    66.528, 
    66.528, 
    66.528, 
    66.528, 
    66.528, 
    66.528, 
    66.528, 
    66.528, 
    66.528, 
    66.528, 
    66.528, 
    66.528, 
    66.528, 
    66.528, 
    66.528, 
    66.528, 
    66.528, 
    66.528, 
    66.528, 
    66.528, 
    66.528, 
    66.528, 
    66.528, 
    66.528, 
    66.528, 
    66.528, 
    66.528, 
    66.528, 
    66.528, 
    66.528, 
    66.528, 
    66.528, 
    66.528, 
    66.528, 
    66.528, 
    66.528, 
    66.528, 
    66.528, 
    66.528, 
    66.528, 
    66.528, 
    66.528, 
    66.528, 
    66.528, 
    66.528, 
    66.528, 
    66.528, 
    66.528, 
    66.528, 
    66.528, 
    66.528, 
    66.528, 
    66.528, 
    66.528, 
    66.528, 
    66.528, 
    66.528, 
    66.528, 
    66.528, 
    151.2, 
    151.2, 
    151.2, 
    151.2, 
    151.2, 
    120.96, 
    120.96, 
    120.96, 
    120.96, 
    120.96, 
    120.96, 
    120.96, 
    120.96, 
    120.96, 
    120.96, 
    120.96, 
    120.96, 
    120.96, 
    120.96, 
    120.96, 
    120.96, 
    120.96, 
    120.96, 
    120.96, 
    120.96, 
    120.96, 
    120.96, 
    120.96, 
    120.96, 
    120.96, 
    120.96, 
    120.96, 
    120.96, 
    120.96, 
    120.96, 
    120.96, 
    120.96, 
    120.96, 
    120.96, 
    120.96, 
    120.96, 
    120.96, 
    120.96, 
    120.96, 
    151.2, 
    120.96, 
    120.96, 
    120.96, 
    120.96, 
    120.96, 
    120.96, 
    120.96, 
    120.96, 
    120.96, 
    120.96, 
    151.2, 
    151.2, 
    151.2, 
    151.2, 
    151.2, 
    151.2, 
    151.2, 
    151.2, 
    151.2, 
    151.2, 
    151.2, 
    151.2, 
    151.2, 
    120.96, 
    120.96, 
    120.96, 
    120.96, 
    120.96, 
    120.96, 
    120.96, 
    120.96, 
    120.96, 
    120.96, 
    120.96, 
    120.96, 
    120.96, 
    151.2, 
    151.2, 
    151.2, 
    151.2, 
    151.2, 
    151.2, 
    151.2, 
    151.2, 
    151.2, 
    151.2, 
    967.68, 
    967.68, 
    967.68, 
    967.68, 
    211.68, 
    211.68, 
    211.68, 
    211.68, 
    211.68, 
    211.68, 
    211.68, 
    211.68, 
    211.68, 
    211.68, 
    211.68, 
    211.68, 
    211.68, 
    211.68, 
    211.68, 
    2237.76, 
    1028.16, 
    2237.76, 
    4777.92, 
    60.48, 
    60.48, 
    60.48, 
    60.48, 
    60.48, 
    60.48, 
    60.48, 
    60.48, 
    60.48, 
    60.48, 
    60.48, 
    60.48, 
    60.48, 
    60.48, 
    60.48, 
    60.48, 
    60.48, 
    60.48, 
    60.48, 
    60.48, 
    60.48, 
    151.2, 
    151.2, 
    151.2, 
    151.2, 
    151.2, 
    151.2, 
    151.2, 
    151.2, 
    151.2, 
    151.2, 
    151.2, 
    151.2, 
    151.2, 
    151.2, 
    151.2, 
    151.2, 
    151.2, 
    362.88, 
    362.88, 
    362.88, 
    362.88, 
    362.88, 
    362.88, 
    362.88, 
    362.88, 
    362.88, 
    362.88, 
    362.88, 
    362.88, 
    362.88, 
    362.88, 
    362.88, 
    362.88, 
    1436.4, 
    1436.4, 
    1353.937, 
    1353.937, 
    1353.937, 
    1353.937, 
    1353.937, 
    1353.937, 
    1818.058, 
    1818.058, 
    80.64, 
    80.64, 
    80.64, 
    80.64, 
    80.64, 
    80.64, 
    80.64, 
    80.64, 
    80.64, 
    80.64, 
    80.64, 
    80.64, 
    80.64, 
    80.64, 
    80.64, 
    80.64, 
    80.64, 
    80.64, 
    80.64, 
    80.64, 
    80.64, 
    80.64, 
    80.64, 
    80.64, 
    80.64, 
    80.64, 
    80.64, 
    80.64, 
    80.64, 
    80.64, 
    80.64, 
    80.64, 
    80.64, 
    80.64, 
    80.64, 
    80.64, 
    80.64, 
    80.64, 
    80.64, 
    80.64, 
    80.64, 
    80.64, 
    80.64, 
    80.64, 
    80.64, 
    1572.48, 
    1572.48, 
    177.408, 
    177.408, 
    177.408, 
    177.408, 
    177.408, 
    177.408, 
    177.408, 
    177.408, 
    177.408, 
    177.408, 
    177.408, 
    177.408, 
    177.408, 
    177.408, 
    177.408, 
    177.408, 
    177.408, 
    177.408, 
    177.408, 
    177.408, 
    177.408, 
    177.408, 
    177.408, 
    177.408, 
    177.408, 
    177.408, 
    177.408, 
    177.408, 
    177.408, 
    177.408, 
    177.408, 
    177.408, 
    177.408, 
    177.408, 
    177.408, 
    177.408, 
    177.408, 
    177.408, 
    177.408, 
    177.408, 
    177.408, 
    177.408, 
    177.408, 
    177.408, 
    177.408, 
    177.408, 
    177.408, 
    177.408, 
    177.408, 
    177.408, 
    177.408, 
    177.408, 
    177.408, 
    177.408, 
    177.408, 
    177.408, 
    177.408, 
    177.408, 
    177.408, 
    177.408, 
    177.408, 
    177.408, 
    177.408, 
    177.408, 
    177.408, 
    88.704, 
    88.704, 
    88.704, 
    88.704, 
    88.704, 
    88.704, 
    88.704, 
    88.704, 
    88.704, 
    88.704, 
    88.704, 
    88.704, 
    88.704, 
    88.704, 
    88.704, 
    88.704, 
    88.704, 
    88.704, 
    88.704, 
    88.704, 
    88.704, 
    88.704, 
    88.704, 
    88.704, 
    88.704, 
    88.704, 
    88.704, 
    88.704, 
    88.704, 
    88.704, 
    88.704, 
    88.704, 
    88.704, 
    88.704, 
    88.704, 
    88.704, 
    20805.12, 
    120.96, 
    120.96, 
    120.96, 
    120.96, 
    120.96, 
    120.96, 
    120.96, 
    120.96, 
    120.96, 
    120.96, 
    120.96, 
    120.96, 
    120.96, 
    120.96, 
    120.96, 
    120.96, 
    120.96, 
    120.96, 
    120.96, 
    120.96, 
    120.96, 
    120.96, 
    120.96, 
    120.96, 
    120.96, 
    120.96, 
    120.96, 
    120.96, 
    120.96, 
    120.96, 
    120.96, 
    120.96, 
    120.96, 
    120.96, 
    120.96, 
    120.96, 
    120.96, 
    120.96, 
    120.96, 
    120.96, 
    120.96, 
    120.96, 
    120.96, 
    120.96, 
    120.96, 
    120.96, 
    120.96, 
    120.96, 
    120.96, 
    120.96, 
    120.96, 
    120.96, 
    120.96, 
    120.96, 
    120.96, 
    120.96, 
    120.96, 
    120.96, 
    120.96, 
    120.96, 
    120.96, 
    120.96, 
    120.96, 
    120.96, 
    120.96, 
    120.96, 
    120.96, 
    120.96, 
    120.96, 
    120.96, 
    120.96, 
    120.96, 
    120.96, 
    120.96, 
    120.96, 
    120.96, 
    120.96, 
    120.96, 
    120.96, 
    120.96, 
    120.96, 
    120.96, 
    120.96, 
    120.96, 
    120.96, 
    120.96, 
    120.96, 
    120.96, 
    120.96, 
    120.96, 
    120.96, 
    120.96, 
    120.96, 
    120.96, 
    120.96, 
    120.96, 
    120.96, 
    120.96, 
    120.96, 
    120.96, 
    120.96, 
    120.96, 
    120.96, 
    120.96, 
    120.96, 
    120.96, 
    120.96, 
    120.96, 
    120.96, 
    120.96, 
    120.96, 
    120.96, 
    120.96, 
    120.96, 
    120.96, 
    120.96, 
    120.96, 
    120.96, 
    120.96, 
    120.96, 
    120.96, 
    120.96, 
    120.96, 
    120.96, 
    120.96, 
    120.96, 
    120.96, 
    120.96, 
    120.96, 
    120.96, 
    120.96, 
    120.96, 
    120.96, 
    120.96, 
    120.96, 
    120.96, 
    120.96, 
    120.96, 
    120.96, 
    120.96, 
    120.96, 
    120.96, 
    120.96, 
    120.96, 
    120.96, 
    120.96, 
    120.96, 
    120.96, 
    120.96, 
    120.96, 
    120.96, 
    120.96, 
    120.96, 
    120.96, 
    120.96, 
    120.96, 
    120.96, 
    120.96, 
    120.96, 
    120.96, 
    120.96, 
    120.96, 
    120.96, 
    120.96, 
    120.96, 
    120.96, 
    120.96, 
    120.96, 
    120.96, 
    120.96, 
    120.96, 
    120.96, 
    120.96, 
    120.96, 
    120.96, 
    120.96, 
    120.96, 
    120.96, 
    120.96, 
    120.96, 
    120.96, 
    120.96, 
    120.96, 
    120.96, 
    120.96, 
    120.96, 
    120.96, 
    120.96, 
    120.96, 
    120.96, 
    120.96, 
    120.96, 
    120.96, 
    120.96, 
    120.96, 
    120.96, 
    120.96, 
    120.96, 
    120.96, 
    120.96, 
    120.96, 
    120.96, 
    120.96, 
    120.96, 
    120.96, 
    120.96, 
    120.96, 
    120.96, 
    120.96, 
    120.96, 
    120.96, 
    120.96, 
    120.96, 
    120.96, 
    120.96, 
    120.96, 
    120.96, 
    120.96, 
    120.96, 
    120.96, 
    120.96, 
    120.96, 
    120.96, 
    120.96, 
    120.96, 
    120.96, 
    120.96, 
    120.96, 
    120.96, 
    120.96, 
    120.96, 
    120.96, 
    120.96, 
    120.96, 
    120.96, 
    120.96, 
    120.96, 
    120.96, 
    120.96, 
    120.96, 
    120.96, 
    120.96, 
    120.96, 
    120.96, 
    120.96, 
    120.96, 
    120.96, 
    120.96, 
    120.96, 
    120.96, 
    120.96, 
    120.96, 
    120.96, 
    120.96, 
    120.96, 
    120.96, 
    120.96, 
    120.96, 
    120.96, 
    120.96, 
    120.96, 
    120.96, 
    120.96, 
    120.96, 
    120.96, 
    120.96, 
    120.96, 
    120.96, 
    120.96, 
    120.96, 
    120.96, 
    120.96, 
    120.96, 
    120.96, 
    120.96, 
    120.96, 
    120.96, 
    120.96, 
    120.96, 
    120.96, 
    120.96, 
    120.96, 
    120.96, 
    120.96, 
    120.96, 
    120.96, 
    120.96, 
    120.96, 
    120.96, 
    120.96, 
    120.96, 
    120.96, 
    120.96, 
    120.96, 
    120.96, 
    120.96, 
    120.96, 
    120.96, 
    120.96, 
    120.96, 
    199.584, 
    199.584, 
    199.584, 
    199.584, 
    199.584, 
    199.584, 
    199.584, 
    199.584, 
    199.584, 
    199.584, 
    217.728, 
    199.584, 
    199.584, 
    199.584, 
    199.584, 
    199.584, 
    199.584, 
    199.584, 
    199.584, 
    199.584, 
    199.584, 
    217.728, 
    199.584, 
    199.584, 
    199.584, 
    199.584, 
    199.584, 
    199.584, 
    199.584, 
    199.584, 
    199.584, 
    199.584, 
    217.728, 
    199.584, 
    199.584, 
    199.584, 
    199.584, 
    199.584, 
    199.584, 
    199.584, 
    199.584, 
    199.584, 
    199.584, 
    217.728, 
    199.584, 
    199.584, 
    199.584, 
    199.584, 
    199.584, 
    199.584, 
    199.584, 
    199.584, 
    199.584, 
    199.584, 
    199.584, 
    199.584, 
    199.584, 
    199.584, 
    199.584, 
    199.584, 
    199.584, 
    199.584, 
    199.584, 
    199.584, 
    199.584, 
    199.584, 
    199.584, 
    199.584, 
    1493.856, 
    1493.856, 
    1493.856, 
    1493.856, 
    1493.856, 
    1493.856, 
    16692.48, 
    104.832, 
    104.832, 
    104.832, 
    104.832, 
    104.832, 
    104.832, 
    104.832, 
    104.832, 
    104.832, 
    104.832, 
    104.832, 
    104.832, 
    104.832, 
    104.832, 
    104.832, 
    104.832, 
    104.832, 
    104.832, 
    104.832, 
    104.832, 
    104.832, 
    104.832, 
    104.832, 
    104.832, 
    104.832, 
    104.832, 
    104.832, 
    104.832, 
    104.832, 
    104.832, 
    104.832, 
    104.832, 
    90.72, 
    90.72, 
    90.72, 
    90.72, 
    90.72, 
    90.72, 
    90.72, 
    90.72, 
    90.72, 
    90.72, 
    90.72, 
    90.72, 
    90.72, 
    90.72, 
    90.72, 
    90.72, 
    90.72, 
    90.72, 
    90.72, 
    90.72, 
    90.72, 
    90.72, 
    90.72, 
    90.72, 
    90.72, 
    90.72, 
    90.72, 
    90.72, 
    90.72, 
    96.768, 
    96.768, 
    96.768, 
    96.768, 
    96.768, 
    96.768, 
    96.768, 
    96.768, 
    96.768, 
    96.768, 
    96.768, 
    96.768, 
    96.768, 
    96.768, 
    96.768, 
    96.768, 
    96.768, 
    96.768, 
    96.768, 
    96.768, 
    96.768, 
    96.768, 
    96.768, 
    96.768, 
    96.768, 
    96.768, 
    96.768, 
    96.768, 
    96.768, 
    96.768, 
    96.768, 
    96.768, 
    96.768, 
    96.768, 
    96.768, 
    96.768, 
    96.768, 
    96.768, 
    96.768, 
    96.768, 
    96.768, 
    96.768, 
    104.832, 
    104.832, 
    104.832, 
    104.832, 
    104.832, 
    104.832, 
    104.832, 
    104.832, 
    104.832, 
    104.832, 
    104.832, 
    104.832, 
    104.832, 
    104.832, 
    104.832, 
    104.832, 
    104.832, 
    104.832, 
    104.832, 
    104.832, 
    13759.2, 
    211.68, 
    211.68, 
    211.68, 
    211.68, 
    211.68, 
    211.68, 
    211.68, 
    211.68, 
    211.68, 
    211.68, 
    211.68, 
    211.68, 
    211.68, 
    211.68, 
    211.68, 
    211.68, 
    211.68, 
    211.68, 
    211.68, 
    211.68, 
    211.68, 
    211.68, 
    211.68, 
    211.68, 
    211.68, 
    211.68, 
    211.68, 
    211.68, 
    211.68, 
    211.68, 
    211.68, 
    211.68, 
    211.68, 
    211.68, 
    211.68, 
    211.68, 
    211.68, 
    211.68, 
    211.68, 
    211.68, 
    211.68, 
    211.68, 
    211.68, 
    211.68, 
    211.68, 
    211.68, 
    211.68, 
    211.68, 
    211.68, 
    211.68, 
    211.68, 
    211.68, 
    302.4, 
    302.4, 
    302.4, 
    302.4, 
    302.4, 
    302.4, 
    302.4, 
    332.64, 
    332.64, 
    302.4, 
    302.4, 
    332.64, 
    332.64, 
    211.68, 
    211.68, 
    211.68, 
    211.68, 
    211.68, 
    211.68, 
    211.68, 
    211.68, 
    211.68, 
    211.68, 
    211.68, 
    211.68, 
    211.68, 
    211.68, 
    211.68, 
    211.68, 
    211.68, 
    211.68, 
    211.68, 
    211.68, 
    211.68, 
    211.68, 
    211.68, 
    211.68, 
    211.68, 
    211.68, 
    211.68, 
    211.68, 
    211.68, 
    211.68, 
    211.68, 
    211.68, 
    211.68, 
    211.68, 
    211.68, 
    211.68, 
    211.68, 
    2812.32, 
    1965.6, 
    1814.4, 
    1058.4, 
    423.36, 
    423.36, 
    423.36, 
    423.36, 
    423.36, 
    423.36, 
    393.12, 
    393.12, 
    393.12, 
    393.12, 
    393.12, 
    393.12, 
    393.12, 
    197.568, 
    197.568, 
    197.568, 
    197.568, 
    197.568, 
    197.568, 
    197.568, 
    10977.12, 
    141.12, 
    141.12, 
    141.12, 
    141.12, 
    141.12, 
    141.12, 
    141.12, 
    2757.888, 
    2449.44, 
    616.896, 
    616.896, 
    834.624, 
    816.48, 
    151.2, 
    151.2, 
    151.2, 
    151.2, 
    151.2, 
    151.2, 
    151.2, 
    151.2, 
    151.2, 
    151.2, 
    151.2, 
    151.2, 
    151.2, 
    151.2, 
    151.2, 
    151.2, 
    151.2, 
    151.2, 
    6531.84, 
    393.12, 
    393.12, 
    876.96, 
    876.96, 
    3205.44, 
    3084.48, 
    3084.48, 
    8981.28, 
    1512.0, 
    2963.52, 
    3810.24, 
    56.448, 
    56.448, 
    56.448, 
    56.448, 
    56.448, 
    56.448, 
    56.448, 
    56.448, 
    56.448, 
    56.448, 
    56.448, 
    56.448, 
    56.448, 
    56.448, 
    56.448, 
    56.448, 
    56.448, 
    56.448, 
    56.448, 
    56.448, 
    56.448, 
    56.448, 
    56.448, 
    56.448, 
    56.448, 
    56.448, 
    56.448, 
    56.448, 
    56.448, 
    56.448, 
    56.448, 
    56.448, 
    56.448, 
    56.448, 
    56.448, 
    56.448, 
    56.448, 
    56.448, 
    56.448, 
    56.448, 
    56.448, 
    56.448, 
    56.448, 
    56.448, 
    56.448, 
    56.448, 
    56.448, 
    56.448, 
    56.448, 
    2782.08, 
    2177.28, 
    1360.8, 
    1360.8, 
    2086.56, 
    816.48, 
    816.48, 
    544.32, 
    846.72, 
    332.64, 
    1705.536, 
    1705.536, 
    3048.192, 
    2661.12, 
    112.896, 
    112.896, 
    112.896, 
    112.896, 
    112.896, 
    112.896, 
    112.896, 
    112.896, 
    112.896, 
    112.896, 
    112.896, 
    112.896, 
    112.896, 
    112.896, 
    112.896, 
    112.896, 
    112.896, 
    1270.08, 
    1270.08, 
    695.52, 
    695.52, 
    211.68, 
    574.56, 
    574.56, 
    1512.0, 
    1512.0, 
    272.16, 
    4233.6, 
    1874.88, 
    272.16, 
    272.16, 
    272.16, 
    272.16, 
    272.16, 
    272.16, 
    272.16, 
    272.16, 
    272.16, 
    272.16, 
    272.16, 
    272.16, 
    272.16, 
    272.16, 
    272.16, 
    272.16, 
    272.16, 
    272.16, 
    272.16, 
    272.16, 
    272.16, 
    272.16, 
    272.16, 
    272.16, 
    272.16, 
    272.16, 
    272.16, 
    272.16, 
    272.16, 
    272.16, 
    272.16, 
    272.16, 
    272.16, 
    272.16, 
    272.16, 
    272.16, 
    272.16, 
    272.16, 
    272.16, 
    272.16, 
    272.16, 
    272.16, 
    272.16, 
    272.16, 
    272.16, 
    272.16, 
    272.16, 
    272.16, 
    272.16, 
    272.16, 
    272.16, 
    272.16, 
    725.76, 
    725.76, 
    725.76, 
    725.76, 
    725.76, 
    725.76, 
    725.76, 
    725.76, 
    725.76, 
    725.76, 
    725.76, 
    725.76, 
    483.84, 
    483.84, 
    483.84, 
    483.84, 
    483.84, 
    483.84, 
    483.84, 
    483.84, 
    483.84, 
    483.84, 
    483.84, 
    56.448, 
    56.448, 
    56.448, 
    56.448, 
    56.448, 
    56.448, 
    56.448, 
    56.448, 
    56.448, 
    56.448, 
    56.448, 
    56.448, 
    56.448, 
    56.448, 
    56.448, 
    56.448, 
    56.448, 
    56.448, 
    56.448, 
    56.448, 
    56.448, 
    56.448, 
    56.448, 
    56.448, 
    56.448, 
    56.448, 
    56.448, 
    56.448, 
    1814.4, 
    78.624, 
    78.624, 
    78.624, 
    78.624, 
    78.624, 
    78.624, 
    78.624, 
    78.624, 
    78.624, 
    78.624, 
    78.624, 
    78.624, 
    78.624, 
    78.624, 
    78.624, 
    78.624, 
    78.624, 
    78.624, 
    78.624, 
    78.624, 
    78.624, 
    78.624, 
    78.624, 
    78.624, 
    78.624, 
    78.624, 
    78.624, 
    78.624, 
    78.624, 
    78.624, 
    78.624, 
    78.624, 
    78.624, 
    78.624, 
    1209.6, 
    399.168, 
    399.168, 
    399.168, 
    399.168, 
    399.168, 
    399.168, 
    399.168, 
    399.168, 
    399.168, 
    399.168, 
    399.168, 
    399.168, 
    193.536, 
    193.536, 
    193.536, 
    193.536, 
    193.536, 
    193.536, 
    193.536, 
    193.536, 
    193.536, 
    193.536, 
    193.536, 
    193.536, 
    695.52, 
    2237.76, 
    544.32, 
    544.32, 
    544.32, 
    497.952, 
    497.952, 
    497.952, 
    497.952, 
    497.952, 
    471.744, 
    2207.52, 
    2903.04, 
    2993.76, 
    2358.72, 
    2782.08, 
    2933.28, 
    2812.32, 
    2933.28, 
    1330.56, 
    544.32, 
    635.04, 
    574.56, 
    4052.16, 
    1391.04, 
    544.32, 
    1088.64, 
    104.832, 
    104.832, 
    104.832, 
    104.832, 
    104.832, 
    104.832, 
    104.832, 
    104.832, 
    104.832, 
    104.832, 
    104.832, 
    66.528, 
    66.528, 
    66.528, 
    66.528, 
    66.528, 
    66.528, 
    24.192, 
    24.192, 
    24.192, 
    24.192, 
    24.192, 
    24.192, 
    24.192, 
    24.192, 
    56.448, 
    56.448, 
    56.448, 
    56.448, 
    56.448, 
    56.448, 
    56.448, 
    56.448, 
    56.448, 
    56.448, 
    56.448, 
    56.448, 
    56.448, 
    56.448, 
    56.448, 
    56.448, 
    1028.16, 
    1270.08, 
    725.76, 
    302.4, 
    302.4, 
    302.4, 
    302.4, 
    302.4, 
    302.4, 
    302.4, 
    302.4, 
    302.4, 
    302.4, 
    302.4, 
    302.4, 
    302.4, 
    302.4, 
    302.4, 
    302.4, 
    302.4, 
    302.4, 
    302.4, 
    302.4, 
    302.4, 
    302.4, 
    302.4, 
    302.4, 
    302.4, 
    302.4, 
    302.4, 
    302.4, 
    302.4, 
    302.4, 
    302.4, 
    302.4, 
    302.4, 
    302.4, 
    302.4, 
    302.4, 
    266.112, 
    266.112, 
    266.112, 
    266.112, 
    266.112, 
    266.112, 
    266.112, 
    266.112, 
    266.112, 
    266.112, 
    266.112, 
    266.112, 
    266.112, 
    266.112, 
    266.112, 
    266.112, 
    266.112, 
    266.112, 
    266.112, 
    266.112, 
    266.112, 
    266.112, 
    266.112, 
    266.112, 
    266.112, 
    266.112, 
    266.112, 
    266.112, 
    266.112, 
    266.112, 
    266.112, 
    266.112, 
    243.936, 
    243.936, 
    243.936, 
    243.936, 
    243.936, 
    243.936, 
    243.936, 
    243.936, 
    221.76, 
    199.584, 
    199.584, 
    221.76, 
    221.76, 
    2812.32, 
    302.4, 
    302.4, 
    302.4, 
    272.16, 
    302.4, 
    302.4, 
    241.92, 
    211.68, 
    302.4, 
    302.4, 
    544.32, 
    4233.6, 
    665.28, 
    1330.56, 
    1179.36, 
    3205.44, 
    1481.76, 
    7529.76, 
    7529.76, 
    7499.52, 
    7499.52, 
    574.56, 
    574.56, 
    574.56, 
    574.56, 
    574.56, 
    997.92, 
    997.92, 
    997.92, 
    997.92, 
    997.92, 
    997.92, 
    997.92
]